ACO 19.635501 	-98.912003 	2198 
AJM 19.272100 	-99.207658 	2619  
ATI 19.576963 	-99.254133 	2341  
BJU 19.371612 	-99.158969 	2250 
CAM 19.468404 	-99.169794 	2233  
CCA 19.3262 	-99.1761 	2280  
CHO 19.266948 	-98.886088 	2253  
CUA 19.365313 	-99.291705 	2704  
FAC 19.482473 	-99.243524 	2299  
FAR 19.473692 	-99.046176 	2230  
HGM 19.411617 	-99.152207 	2234  
INN 19.291968 	-99.38052 	3082  
IZT 19.384413 	-99.117641 	2238  
LLA 19.578792 	-99.039644 	2230  
LPR 19.534727 	-99.11772 	2302  
MER 19.42461 	-99.119594 	2245  
MGH 19.404050 	-99.202603 	2366 
MON 19.460415 	-98.902853 	2252  
MPA 19.176900 	-98.990189 	2594  
NEZ 19.393734 	-99.028212 	2235  
PED 19.325146 	-99.204136 	2326  
SAC 19.34561 	-99.009381 	2293  
SAG 19.532968 	-99.030324 	2241  
SFE 19.357357 	-99.262865 	2599  
SJA 19.466667 	-99.083333 	2450  
TAH 19.246459 	-99.010564 	2297 
TLA 19.529077 	-99.204597 	2311  
TLI 19.602542 	-99.177173 	2313  
UAX 19.304441 	-99.103629 	2246  
UIZ 19.360794 	-99.07388 	2221  
VIF 19.658223 	-99.09659 	2242  
XAL 19.525995 	-99.0824 	2160  
